45
0 39.9703 116.3669  
1 39.9700 116.3669  
2 39.96950 116.3669 
3 39.96926 116.3669 
4 39.96885 116.3669 
5 39.96822 116.3669 
6 39.9703 116.36535 
7 39.96964 116.36525 
8 39.96943 116.36525 
9 39.96905 116.36525 
10 39.96885 116.36525  
11 39.96822 116.36525 
12 39.96750 116.36525
13 39.96743 116.36525 
14 39.96653 116.36535
15 39.96555 116.36535
16 39.96523 116.36538 
17 39.9703 116.3637 
18 39.96995 116.36374
19 39.96956 116.36374 
20 39.96945 116.36374  
21 39.96902 116.36376 
22 39.96898 116.36376
23 39.96808 116.36381
24 39.96744 116.36382 
25 39.96695 116.36383 
26 39.96649 116.36385 
27 39.96588 116.36386 
28 39.97028 116.36275 
29 39.9699 116.36275 
30 39.9694 116.3628 
31 39.96896 116.36284 
32 39.9689 116.36284 
33 39.96804 116.36288
34 39.96740 116.36298
35 39.96694 116.36298
36 39.966465 116.36302
37 39.96985 116.36202
38 39.96937 116.36205 
39 39.96889 116.36205 
40 39.96804 116.36207 
41 39.96740 116.36207 
42 39.96691 116.36210 
43 39.966461 116.36216 
44 39.96588 116.36207

